X=1 Y =1
 
K1= (10^9) *  

-------  -------  -------  -------  -------  -------
 1.0989   0       -1.0989   0.3297   0       -0.3297
 0        0.3846   0.3846  -0.3846  -0.3846   0
-1.0989   0.3846   1.4835  -0.7143  -0.3846   0.3297
 0.3297  -0.3846  -0.7143   1.4835   0.3846  -1.0989
 0       -0.3846  -0.3846   0.3846   0.3846   0
-0.3297   0        0.3297  -1.0989   0        1.0989
-------  -------  -------  -------  -------  -------
 
K2= (10^9) *   
-------  -------  -------  -------  -------  -------  -------  -------
 0.989    0.3571  -0.6044  -0.0275  -0.4945  -0.3571   0.1099   0.0275
 0.3571   0.989    0.0275   0.1099  -0.3571  -0.4945  -0.0275  -0.6044
-0.6044   0.0275   0.989   -0.3571   0.1099  -0.0275  -0.4945   0.3571
-0.0275   0.1099  -0.3571   0.989    0.0275  -0.6044   0.3571  -0.4945
-0.4945  -0.3571   0.1099   0.0275   0.989    0.3571  -0.6044  -0.0275
-0.3571  -0.4945  -0.0275  -0.6044   0.3571   0.989    0.0275   0.1099
 0.1099  -0.0275  -0.4945   0.3571  -0.6044   0.0275   0.989   -0.3571
 0.0275  -0.6044   0.3571  -0.4945  -0.0275   0.1099  -0.3571   0.989
-------  -------  -------  -------  -------  -------  -------  -------
 
K3= (10^9) *   
-------  -------  -------  -------  -------  -------
 1.4835   0.7143  -1.0989  -0.3846  -0.3846  -0.3297
 0.7143   1.4835  -0.3297  -0.3846  -0.3846  -1.0989
-1.0989  -0.3297   1.0989   0        0        0.3297
-0.3846  -0.3846   0        0.3846   0.3846   0
-0.3846  -0.3846   0        0.3846   0.3846   0
-0.3297  -1.0989   0.3297   0        0        1.0989
-------  -------  -------  -------  -------  -------
 
K_tt= (10^9) *   
-------  -------  -------  -------  -------  -------  -------  -------  -------  -------  -------  -------
 1.0989   0       -1.0989   0.3297   0        0        0        0        0        0        0       -0.3297
 0        0.3846   0.3846  -0.3846   0        0        0        0        0        0       -0.3846   0
-1.0989   0.3846   2.4725  -0.3572  -0.6044  -0.0275   0        0       -0.4945  -0.3571  -0.2747   0.3572
 0.3297  -0.3846  -0.3572   2.4725   0.0275   0.1099   0        0       -0.3571  -0.4945   0.3571  -1.7033
 0        0       -0.6044   0.0275   2.4725   0.3572  -1.0989  -0.3846  -0.2747  -0.3572  -0.4945   0.3571
 0        0       -0.0275   0.1099   0.3572   2.4725  -0.3297  -0.3846  -0.3571  -1.7033   0.3571  -0.4945
 0        0        0        0       -1.0989  -0.3297   1.0989   0        0        0.3297   0        0
 0        0        0        0       -0.3846  -0.3846   0        0.3846   0.3846   0        0        0
 0        0       -0.4945  -0.3571  -0.2747  -0.3571   0        0.3846   1.3736   0.3571  -0.6044  -0.0275
 0        0       -0.3571  -0.4945  -0.3572  -1.7033   0.3297   0        0.3571   2.0879   0.0275   0.1099
 0       -0.3846  -0.2747   0.3571  -0.4945   0.3571   0        0       -0.6044   0.0275   1.3736  -0.3571
-0.3297   0        0.3572  -1.7033   0.3571  -0.4945   0        0       -0.0275   0.1099  -0.3571   2.0879
-------  -------  -------  -------  -------  -------  -------  -------  -------  -------  -------  -------
 
Se= (10^10) *  
--------  --------  -------  --------  -------  -------  --------  -------
-10.989    -3.2967  10.989    -3.2967  10.989    3.2967  -10.989    3.2967
 -3.2967  -10.989    3.2967  -10.989    3.2967  10.989    -3.2967  10.989
 -3.8462   -3.8462  -3.8462    3.8462   3.8462   3.8462    3.8462  -3.8462
--------  --------  -------  --------  -------  -------  --------  -------
 

 
 
============================================ 
X=1 Y =2
 
K1= (10^9) *  

-------  -------  -------  -------  -------  -------
 1.0989   0       -1.0989   0.3297   0       -0.3297
 0        0.3846   0.3846  -0.3846  -0.3846   0
-1.0989   0.3846   1.4835  -0.7143  -0.3846   0.3297
 0.3297  -0.3846  -0.7143   1.4835   0.3846  -1.0989
 0       -0.3846  -0.3846   0.3846   0.3846   0
-0.3297   0        0.3297  -1.0989   0        1.0989
-------  -------  -------  -------  -------  -------
 
K2= (10^9) *   
-------  -------  -------  -------  -------  -------  -------  -------
 1.5934   0.3571  -1.4011  -0.0275  -0.7967  -0.3571   0.6044   0.0275
 0.3571   0.8791   0.0275  -0.3297  -0.3571  -0.4396  -0.0275  -0.1099
-1.4011   0.0275   1.5934  -0.3571   0.6044  -0.0275  -0.7967   0.3571
-0.0275  -0.3297  -0.3571   0.8791   0.0275  -0.1099   0.3571  -0.4396
-0.7967  -0.3571   0.6044   0.0275   1.5934   0.3571  -1.4011  -0.0275
-0.3571  -0.4396  -0.0275  -0.1099   0.3571   0.8791   0.0275  -0.3297
 0.6044  -0.0275  -0.7967   0.3571  -1.4011   0.0275   1.5934  -0.3571
 0.0275  -0.1099   0.3571  -0.4396  -0.0275  -0.3297  -0.3571   0.8791
-------  -------  -------  -------  -------  -------  -------  -------
 
K3= (10^9) *   
-------  -------  -------  -------  -------  -------
 1.4835   0.7143  -1.0989  -0.3846  -0.3846  -0.3297
 0.7143   1.4835  -0.3297  -0.3846  -0.3846  -1.0989
-1.0989  -0.3297   1.0989   0        0        0.3297
-0.3846  -0.3846   0        0.3846   0.3846   0
-0.3846  -0.3846   0        0.3846   0.3846   0
-0.3297  -1.0989   0.3297   0        0        1.0989
-------  -------  -------  -------  -------  -------
 
K_tt= (10^9) *   
-------  -------  -------  -------  -------  -------  -------  -------  -------  -------  -------  -------
 1.0989   0       -1.0989   0.3297   0        0        0        0        0        0        0       -0.3297
 0        0.3846   0.3846  -0.3846   0        0        0        0        0        0       -0.3846   0
-1.0989   0.3846   3.0769  -0.3572  -1.4011  -0.0275   0        0       -0.7967  -0.3571   0.2198   0.3572
 0.3297  -0.3846  -0.3572   2.3626   0.0275  -0.3297   0        0       -0.3571  -0.4396   0.3571  -1.2088
 0        0       -1.4011   0.0275   3.0769   0.3572  -1.0989  -0.3846   0.2198  -0.3572  -0.7967   0.3571
 0        0       -0.0275  -0.3297   0.3572   2.3626  -0.3297  -0.3846  -0.3571  -1.2088   0.3571  -0.4396
 0        0        0        0       -1.0989  -0.3297   1.0989   0        0        0.3297   0        0
 0        0        0        0       -0.3846  -0.3846   0        0.3846   0.3846   0        0        0
 0        0       -0.7967  -0.3571   0.2198  -0.3571   0        0.3846   1.978    0.3571  -1.4011  -0.0275
 0        0       -0.3571  -0.4396  -0.3572  -1.2088   0.3297   0        0.3571   1.978    0.0275  -0.3297
 0       -0.3846   0.2198   0.3571  -0.7967   0.3571   0        0       -1.4011   0.0275   1.978   -0.3571
-0.3297   0        0.3572  -1.2088   0.3571  -0.4396   0        0       -0.0275  -0.3297  -0.3571   1.978
-------  -------  -------  -------  -------  -------  -------  -------  -------  -------  -------  -------
 
Se= (10^10) *  
-------  --------  -------  --------  ------  -------  -------  -------
-5.4945   -3.2967   5.4945   -3.2967  5.4945   3.2967  -5.4945   3.2967
-1.6484  -10.989    1.6484  -10.989   1.6484  10.989   -1.6484  10.989
-3.8462   -1.9231  -3.8462    1.9231  3.8462   1.9231   3.8462  -1.9231
-------  --------  -------  --------  ------  -------  -------  -------
 

 
 
============================================ 
X=1 Y =3
 
K1= (10^9) *  

-------  -------  -------  -------  -------  -------
 1.0989   0       -1.0989   0.3297   0       -0.3297
 0        0.3846   0.3846  -0.3846  -0.3846   0
-1.0989   0.3846   1.4835  -0.7143  -0.3846   0.3297
 0.3297  -0.3846  -0.7143   1.4835   0.3846  -1.0989
 0       -0.3846  -0.3846   0.3846   0.3846   0
-0.3297   0        0.3297  -1.0989   0        1.0989
-------  -------  -------  -------  -------  -------
 
K2= (10^9) *   
-------  -------  -------  -------  -------  -------  -------  -------
 2.2833   0.3571  -2.1551  -0.0275  -1.1416  -0.3571   1.0134   0.0275
 0.3571   1.0134   0.0275  -0.6471  -0.3571  -0.5067  -0.0275   0.1404
-2.1551   0.0275   2.2833  -0.3571   1.0134  -0.0275  -1.1416   0.3571
-0.0275  -0.6471  -0.3571   1.0134   0.0275   0.1404   0.3571  -0.5067
-1.1416  -0.3571   1.0134   0.0275   2.2833   0.3571  -2.1551  -0.0275
-0.3571  -0.5067  -0.0275   0.1404   0.3571   1.0134   0.0275  -0.6471
 1.0134  -0.0275  -1.1416   0.3571  -2.1551   0.0275   2.2833  -0.3571
 0.0275   0.1404   0.3571  -0.5067  -0.0275  -0.6471  -0.3571   1.0134
-------  -------  -------  -------  -------  -------  -------  -------
 
K3= (10^9) *   
-------  -------  -------  -------  -------  -------
 1.4835   0.7143  -1.0989  -0.3846  -0.3846  -0.3297
 0.7143   1.4835  -0.3297  -0.3846  -0.3846  -1.0989
-1.0989  -0.3297   1.0989   0        0        0.3297
-0.3846  -0.3846   0        0.3846   0.3846   0
-0.3846  -0.3846   0        0.3846   0.3846   0
-0.3297  -1.0989   0.3297   0        0        1.0989
-------  -------  -------  -------  -------  -------
 
K_tt= (10^9) *   
-------  -------  -------  -------  -------  -------  -------  -------  -------  -------  -------  -------
 1.0989   0       -1.0989   0.3297   0        0        0        0        0        0        0       -0.3297
 0        0.3846   0.3846  -0.3846   0        0        0        0        0        0       -0.3846   0
-1.0989   0.3846   3.7668  -0.3572  -2.1551  -0.0275   0        0       -1.1416  -0.3571   0.6288   0.3572
 0.3297  -0.3846  -0.3572   2.4969   0.0275  -0.6471   0        0       -0.3571  -0.5067   0.3571  -0.9585
 0        0       -2.1551   0.0275   3.7668   0.3572  -1.0989  -0.3846   0.6288  -0.3572  -1.1416   0.3571
 0        0       -0.0275  -0.6471   0.3572   2.4969  -0.3297  -0.3846  -0.3571  -0.9585   0.3571  -0.5067
 0        0        0        0       -1.0989  -0.3297   1.0989   0        0        0.3297   0        0
 0        0        0        0       -0.3846  -0.3846   0        0.3846   0.3846   0        0        0
 0        0       -1.1416  -0.3571   0.6288  -0.3571   0        0.3846   2.6679   0.3571  -2.1551  -0.0275
 0        0       -0.3571  -0.5067  -0.3572  -0.9585   0.3297   0        0.3571   2.1123   0.0275  -0.6471
 0       -0.3846   0.6288   0.3571  -1.1416   0.3571   0        0       -2.1551   0.0275   2.6679  -0.3571
-0.3297   0        0.3572  -0.9585   0.3571  -0.5067   0        0       -0.0275  -0.6471  -0.3571   2.1123
-------  -------  -------  -------  -------  -------  -------  -------  -------  -------  -------  -------
 
Se= (10^10) *  
-------  --------  -------  --------  ------  -------  -------  -------
-3.663    -3.2967   3.663    -3.2967  3.663    3.2967  -3.663    3.2967
-1.0989  -10.989    1.0989  -10.989   1.0989  10.989   -1.0989  10.989
-3.8462   -1.2821  -3.8462    1.2821  3.8462   1.2821   3.8462  -1.2821
-------  --------  -------  --------  ------  -------  -------  -------
 

 
 
============================================ 
X=1 Y =4
 
K1= (10^9) *  

-------  -------  -------  -------  -------  -------
 1.0989   0       -1.0989   0.3297   0       -0.3297
 0        0.3846   0.3846  -0.3846  -0.3846   0
-1.0989   0.3846   1.4835  -0.7143  -0.3846   0.3297
 0.3297  -0.3846  -0.7143   1.4835   0.3846  -1.0989
 0       -0.3846  -0.3846   0.3846   0.3846   0
-0.3297   0        0.3297  -1.0989   0        1.0989
-------  -------  -------  -------  -------  -------
 
K2= (10^9) *   
-------  -------  -------  -------  -------  -------  -------  -------
 2.9945   0.3571  -2.8984  -0.0275  -1.4973  -0.3571   1.4011   0.0275
 0.3571   1.2088   0.0275  -0.9341  -0.3571  -0.6044  -0.0275   0.3297
-2.8984   0.0275   2.9945  -0.3571   1.4011  -0.0275  -1.4973   0.3571
-0.0275  -0.9341  -0.3571   1.2088   0.0275   0.3297   0.3571  -0.6044
-1.4973  -0.3571   1.4011   0.0275   2.9945   0.3571  -2.8984  -0.0275
-0.3571  -0.6044  -0.0275   0.3297   0.3571   1.2088   0.0275  -0.9341
 1.4011  -0.0275  -1.4973   0.3571  -2.8984   0.0275   2.9945  -0.3571
 0.0275   0.3297   0.3571  -0.6044  -0.0275  -0.9341  -0.3571   1.2088
-------  -------  -------  -------  -------  -------  -------  -------
 
K3= (10^9) *   
-------  -------  -------  -------  -------  -------
 1.4835   0.7143  -1.0989  -0.3846  -0.3846  -0.3297
 0.7143   1.4835  -0.3297  -0.3846  -0.3846  -1.0989
-1.0989  -0.3297   1.0989   0        0        0.3297
-0.3846  -0.3846   0        0.3846   0.3846   0
-0.3846  -0.3846   0        0.3846   0.3846   0
-0.3297  -1.0989   0.3297   0        0        1.0989
-------  -------  -------  -------  -------  -------
 
K_tt= (10^9) *   
-------  -------  -------  -------  -------  -------  -------  -------  -------  -------  -------  -------
 1.0989   0       -1.0989   0.3297   0        0        0        0        0        0        0       -0.3297
 0        0.3846   0.3846  -0.3846   0        0        0        0        0        0       -0.3846   0
-1.0989   0.3846   4.478   -0.3572  -2.8984  -0.0275   0        0       -1.4973  -0.3571   1.0165   0.3572
 0.3297  -0.3846  -0.3572   2.6923   0.0275  -0.9341   0        0       -0.3571  -0.6044   0.3571  -0.7692
 0        0       -2.8984   0.0275   4.478    0.3572  -1.0989  -0.3846   1.0165  -0.3572  -1.4973   0.3571
 0        0       -0.0275  -0.9341   0.3572   2.6923  -0.3297  -0.3846  -0.3571  -0.7692   0.3571  -0.6044
 0        0        0        0       -1.0989  -0.3297   1.0989   0        0        0.3297   0        0
 0        0        0        0       -0.3846  -0.3846   0        0.3846   0.3846   0        0        0
 0        0       -1.4973  -0.3571   1.0165  -0.3571   0        0.3846   3.3791   0.3571  -2.8984  -0.0275
 0        0       -0.3571  -0.6044  -0.3572  -0.7692   0.3297   0        0.3571   2.3077   0.0275  -0.9341
 0       -0.3846   1.0165   0.3571  -1.4973   0.3571   0        0       -2.8984   0.0275   3.3791  -0.3571
-0.3297   0        0.3572  -0.7692   0.3571  -0.6044   0        0       -0.0275  -0.9341  -0.3571   2.3077
-------  -------  -------  -------  -------  -------  -------  -------  -------  -------  -------  -------
 
Se= (10^10) *  
-------  --------  -------  --------  ------  -------  -------  -------
-2.7473   -3.2967   2.7473   -3.2967  2.7473   3.2967  -2.7473   3.2967
-0.8242  -10.989    0.8242  -10.989   0.8242  10.989   -0.8242  10.989
-3.8462   -0.9615  -3.8462    0.9615  3.8462   0.9615   3.8462  -0.9615
-------  --------  -------  --------  ------  -------  -------  -------
 

 
 
============================================ 
X=1 Y =5
 
K1= (10^9) *  

-------  -------  -------  -------  -------  -------
 1.0989   0       -1.0989   0.3297   0       -0.3297
 0        0.3846   0.3846  -0.3846  -0.3846   0
-1.0989   0.3846   1.4835  -0.7143  -0.3846   0.3297
 0.3297  -0.3846  -0.7143   1.4835   0.3846  -1.0989
 0       -0.3846  -0.3846   0.3846   0.3846   0
-0.3297   0        0.3297  -1.0989   0        1.0989
-------  -------  -------  -------  -------  -------
 
K2= (10^9) *   
-------  -------  -------  -------  -------  -------  -------  -------
 3.7143   0.3571  -3.6374  -0.0275  -1.8571  -0.3571   1.7802   0.0275
 0.3571   1.4286   0.0275  -1.2088  -0.3571  -0.7143  -0.0275   0.4945
-3.6374   0.0275   3.7143  -0.3571   1.7802  -0.0275  -1.8571   0.3571
-0.0275  -1.2088  -0.3571   1.4286   0.0275   0.4945   0.3571  -0.7143
-1.8571  -0.3571   1.7802   0.0275   3.7143   0.3571  -3.6374  -0.0275
-0.3571  -0.7143  -0.0275   0.4945   0.3571   1.4286   0.0275  -1.2088
 1.7802  -0.0275  -1.8571   0.3571  -3.6374   0.0275   3.7143  -0.3571
 0.0275   0.4945   0.3571  -0.7143  -0.0275  -1.2088  -0.3571   1.4286
-------  -------  -------  -------  -------  -------  -------  -------
 
K3= (10^9) *   
-------  -------  -------  -------  -------  -------
 1.4835   0.7143  -1.0989  -0.3846  -0.3846  -0.3297
 0.7143   1.4835  -0.3297  -0.3846  -0.3846  -1.0989
-1.0989  -0.3297   1.0989   0        0        0.3297
-0.3846  -0.3846   0        0.3846   0.3846   0
-0.3846  -0.3846   0        0.3846   0.3846   0
-0.3297  -1.0989   0.3297   0        0        1.0989
-------  -------  -------  -------  -------  -------
 
K_tt= (10^9) *   
-------  -------  -------  -------  -------  -------  -------  -------  -------  -------  -------  -------
 1.0989   0       -1.0989   0.3297   0        0        0        0        0        0        0       -0.3297
 0        0.3846   0.3846  -0.3846   0        0        0        0        0        0       -0.3846   0
-1.0989   0.3846   5.1978  -0.3572  -3.6374  -0.0275   0        0       -1.8571  -0.3571   1.3956   0.3572
 0.3297  -0.3846  -0.3572   2.9121   0.0275  -1.2088   0        0       -0.3571  -0.7143   0.3571  -0.6044
 0        0       -3.6374   0.0275   5.1978   0.3572  -1.0989  -0.3846   1.3956  -0.3572  -1.8571   0.3571
 0        0       -0.0275  -1.2088   0.3572   2.9121  -0.3297  -0.3846  -0.3571  -0.6044   0.3571  -0.7143
 0        0        0        0       -1.0989  -0.3297   1.0989   0        0        0.3297   0        0
 0        0        0        0       -0.3846  -0.3846   0        0.3846   0.3846   0        0        0
 0        0       -1.8571  -0.3571   1.3956  -0.3571   0        0.3846   4.0989   0.3571  -3.6374  -0.0275
 0        0       -0.3571  -0.7143  -0.3572  -0.6044   0.3297   0        0.3571   2.5275   0.0275  -1.2088
 0       -0.3846   1.3956   0.3571  -1.8571   0.3571   0        0       -3.6374   0.0275   4.0989  -0.3571
-0.3297   0        0.3572  -0.6044   0.3571  -0.7143   0        0       -0.0275  -1.2088  -0.3571   2.5275
-------  -------  -------  -------  -------  -------  -------  -------  -------  -------  -------  -------
 
Se= (10^10) *  
-------  --------  -------  --------  ------  -------  -------  -------
-2.1978   -3.2967   2.1978   -3.2967  2.1978   3.2967  -2.1978   3.2967
-0.6593  -10.989    0.6593  -10.989   0.6593  10.989   -0.6593  10.989
-3.8462   -0.7692  -3.8462    0.7692  3.8462   0.7692   3.8462  -0.7692
-------  --------  -------  --------  ------  -------  -------  -------
 

 
 
============================================ 
X=1 Y =6
 
K1= (10^9) *  

-------  -------  -------  -------  -------  -------
 1.0989   0       -1.0989   0.3297   0       -0.3297
 0        0.3846   0.3846  -0.3846  -0.3846   0
-1.0989   0.3846   1.4835  -0.7143  -0.3846   0.3297
 0.3297  -0.3846  -0.7143   1.4835   0.3846  -1.0989
 0       -0.3846  -0.3846   0.3846   0.3846   0
-0.3297   0        0.3297  -1.0989   0        1.0989
-------  -------  -------  -------  -------  -------
 
K2= (10^9) *   
-------  -------  -------  -------  -------  -------  -------  -------
 4.4383   0.3571  -4.3742  -0.0275  -2.2192  -0.3571   2.1551   0.0275
 0.3571   1.6606   0.0275  -1.4774  -0.3571  -0.8303  -0.0275   0.6471
-4.3742   0.0275   4.4383  -0.3571   2.1551  -0.0275  -2.2192   0.3571
-0.0275  -1.4774  -0.3571   1.6606   0.0275   0.6471   0.3571  -0.8303
-2.2192  -0.3571   2.1551   0.0275   4.4383   0.3571  -4.3742  -0.0275
-0.3571  -0.8303  -0.0275   0.6471   0.3571   1.6606   0.0275  -1.4774
 2.1551  -0.0275  -2.2192   0.3571  -4.3742   0.0275   4.4383  -0.3571
 0.0275   0.6471   0.3571  -0.8303  -0.0275  -1.4774  -0.3571   1.6606
-------  -------  -------  -------  -------  -------  -------  -------
 
K3= (10^9) *   
-------  -------  -------  -------  -------  -------
 1.4835   0.7143  -1.0989  -0.3846  -0.3846  -0.3297
 0.7143   1.4835  -0.3297  -0.3846  -0.3846  -1.0989
-1.0989  -0.3297   1.0989   0        0        0.3297
-0.3846  -0.3846   0        0.3846   0.3846   0
-0.3846  -0.3846   0        0.3846   0.3846   0
-0.3297  -1.0989   0.3297   0        0        1.0989
-------  -------  -------  -------  -------  -------
 
K_tt= (10^9) *   
-------  -------  -------  -------  -------  -------  -------  -------  -------  -------  -------  -------
 1.0989   0       -1.0989   0.3297   0        0        0        0        0        0        0       -0.3297
 0        0.3846   0.3846  -0.3846   0        0        0        0        0        0       -0.3846   0
-1.0989   0.3846   5.9218  -0.3572  -4.3742  -0.0275   0        0       -2.2192  -0.3571   1.7705   0.3572
 0.3297  -0.3846  -0.3572   3.1441   0.0275  -1.4774   0        0       -0.3571  -0.8303   0.3571  -0.4518
 0        0       -4.3742   0.0275   5.9218   0.3572  -1.0989  -0.3846   1.7705  -0.3572  -2.2192   0.3571
 0        0       -0.0275  -1.4774   0.3572   3.1441  -0.3297  -0.3846  -0.3571  -0.4518   0.3571  -0.8303
 0        0        0        0       -1.0989  -0.3297   1.0989   0        0        0.3297   0        0
 0        0        0        0       -0.3846  -0.3846   0        0.3846   0.3846   0        0        0
 0        0       -2.2192  -0.3571   1.7705  -0.3571   0        0.3846   4.8229   0.3571  -4.3742  -0.0275
 0        0       -0.3571  -0.8303  -0.3572  -0.4518   0.3297   0        0.3571   2.7595   0.0275  -1.4774
 0       -0.3846   1.7705   0.3571  -2.2192   0.3571   0        0       -4.3742   0.0275   4.8229  -0.3571
-0.3297   0        0.3572  -0.4518   0.3571  -0.8303   0        0       -0.0275  -1.4774  -0.3571   2.7595
-------  -------  -------  -------  -------  -------  -------  -------  -------  -------  -------  -------
 
Se= (10^10) *  
-------  --------  -------  --------  ------  -------  -------  -------
-1.8315   -3.2967   1.8315   -3.2967  1.8315   3.2967  -1.8315   3.2967
-0.5495  -10.989    0.5495  -10.989   0.5495  10.989   -0.5495  10.989
-3.8462   -0.641   -3.8462    0.641   3.8462   0.641    3.8462  -0.641
-------  --------  -------  --------  ------  -------  -------  -------
 

 
 
============================================ 
X=1 Y =7
 
K1= (10^9) *  

-------  -------  -------  -------  -------  -------
 1.0989   0       -1.0989   0.3297   0       -0.3297
 0        0.3846   0.3846  -0.3846  -0.3846   0
-1.0989   0.3846   1.4835  -0.7143  -0.3846   0.3297
 0.3297  -0.3846  -0.7143   1.4835   0.3846  -1.0989
 0       -0.3846  -0.3846   0.3846   0.3846   0
-0.3297   0        0.3297  -1.0989   0        1.0989
-------  -------  -------  -------  -------  -------
 
K2= (10^9) *   
-------  -------  -------  -------  -------  -------  -------  -------
 5.1648   0.3571  -5.1099  -0.0275  -2.5824  -0.3571   2.5275   0.0275
 0.3571   1.8995   0.0275  -1.7425  -0.3571  -0.9498  -0.0275   0.7928
-5.1099   0.0275   5.1648  -0.3571   2.5275  -0.0275  -2.5824   0.3571
-0.0275  -1.7425  -0.3571   1.8995   0.0275   0.7928   0.3571  -0.9498
-2.5824  -0.3571   2.5275   0.0275   5.1648   0.3571  -5.1099  -0.0275
-0.3571  -0.9498  -0.0275   0.7928   0.3571   1.8995   0.0275  -1.7425
 2.5275  -0.0275  -2.5824   0.3571  -5.1099   0.0275   5.1648  -0.3571
 0.0275   0.7928   0.3571  -0.9498  -0.0275  -1.7425  -0.3571   1.8995
-------  -------  -------  -------  -------  -------  -------  -------
 
K3= (10^9) *   
-------  -------  -------  -------  -------  -------
 1.4835   0.7143  -1.0989  -0.3846  -0.3846  -0.3297
 0.7143   1.4835  -0.3297  -0.3846  -0.3846  -1.0989
-1.0989  -0.3297   1.0989   0        0        0.3297
-0.3846  -0.3846   0        0.3846   0.3846   0
-0.3846  -0.3846   0        0.3846   0.3846   0
-0.3297  -1.0989   0.3297   0        0        1.0989
-------  -------  -------  -------  -------  -------
 
K_tt= (10^9) *   
-------  -------  -------  -------  -------  -------  -------  -------  -------  -------  -------  -------
 1.0989   0       -1.0989   0.3297   0        0        0        0        0        0        0       -0.3297
 0        0.3846   0.3846  -0.3846   0        0        0        0        0        0       -0.3846   0
-1.0989   0.3846   6.6483  -0.3572  -5.1099  -0.0275   0        0       -2.5824  -0.3571   2.1429   0.3572
 0.3297  -0.3846  -0.3572   3.383    0.0275  -1.7425   0        0       -0.3571  -0.9498   0.3571  -0.3061
 0        0       -5.1099   0.0275   6.6483   0.3572  -1.0989  -0.3846   2.1429  -0.3572  -2.5824   0.3571
 0        0       -0.0275  -1.7425   0.3572   3.383   -0.3297  -0.3846  -0.3571  -0.3061   0.3571  -0.9498
 0        0        0        0       -1.0989  -0.3297   1.0989   0        0        0.3297   0        0
 0        0        0        0       -0.3846  -0.3846   0        0.3846   0.3846   0        0        0
 0        0       -2.5824  -0.3571   2.1429  -0.3571   0        0.3846   5.5494   0.3571  -5.1099  -0.0275
 0        0       -0.3571  -0.9498  -0.3572  -0.3061   0.3297   0        0.3571   2.9984   0.0275  -1.7425
 0       -0.3846   2.1429   0.3571  -2.5824   0.3571   0        0       -5.1099   0.0275   5.5494  -0.3571
-0.3297   0        0.3572  -0.3061   0.3571  -0.9498   0        0       -0.0275  -1.7425  -0.3571   2.9984
-------  -------  -------  -------  -------  -------  -------  -------  -------  -------  -------  -------
 
Se= (10^10) *  
-------  --------  -------  --------  ------  -------  -------  -------
-1.5699   -3.2967   1.5699   -3.2967  1.5699   3.2967  -1.5699   3.2967
-0.471   -10.989    0.471   -10.989   0.471   10.989   -0.471   10.989
-3.8462   -0.5495  -3.8462    0.5495  3.8462   0.5495   3.8462  -0.5495
-------  --------  -------  --------  ------  -------  -------  -------
 

 
 
============================================ 
X=1 Y =8
 
K1= (10^9) *  

-------  -------  -------  -------  -------  -------
 1.0989   0       -1.0989   0.3297   0       -0.3297
 0        0.3846   0.3846  -0.3846  -0.3846   0
-1.0989   0.3846   1.4835  -0.7143  -0.3846   0.3297
 0.3297  -0.3846  -0.7143   1.4835   0.3846  -1.0989
 0       -0.3846  -0.3846   0.3846   0.3846   0
-0.3297   0        0.3297  -1.0989   0        1.0989
-------  -------  -------  -------  -------  -------
 
K2= (10^9) *   
-------  -------  -------  -------  -------  -------  -------  -------
 5.8929   0.3571  -5.8448  -0.0275  -2.9464  -0.3571   2.8984   0.0275
 0.3571   2.1429   0.0275  -2.0055  -0.3571  -1.0714  -0.0275   0.9341
-5.8448   0.0275   5.8929  -0.3571   2.8984  -0.0275  -2.9464   0.3571
-0.0275  -2.0055  -0.3571   2.1429   0.0275   0.9341   0.3571  -1.0714
-2.9464  -0.3571   2.8984   0.0275   5.8929   0.3571  -5.8448  -0.0275
-0.3571  -1.0714  -0.0275   0.9341   0.3571   2.1429   0.0275  -2.0055
 2.8984  -0.0275  -2.9464   0.3571  -5.8448   0.0275   5.8929  -0.3571
 0.0275   0.9341   0.3571  -1.0714  -0.0275  -2.0055  -0.3571   2.1429
-------  -------  -------  -------  -------  -------  -------  -------
 
K3= (10^9) *   
-------  -------  -------  -------  -------  -------
 1.4835   0.7143  -1.0989  -0.3846  -0.3846  -0.3297
 0.7143   1.4835  -0.3297  -0.3846  -0.3846  -1.0989
-1.0989  -0.3297   1.0989   0        0        0.3297
-0.3846  -0.3846   0        0.3846   0.3846   0
-0.3846  -0.3846   0        0.3846   0.3846   0
-0.3297  -1.0989   0.3297   0        0        1.0989
-------  -------  -------  -------  -------  -------
 
K_tt= (10^9) *   
-------  -------  -------  -------  -------  -------  -------  -------  -------  -------  -------  -------
 1.0989   0       -1.0989   0.3297   0        0        0        0        0        0        0       -0.3297
 0        0.3846   0.3846  -0.3846   0        0        0        0        0        0       -0.3846   0
-1.0989   0.3846   7.3764  -0.3572  -5.8448  -0.0275   0        0       -2.9464  -0.3571   2.5138   0.3572
 0.3297  -0.3846  -0.3572   3.6264   0.0275  -2.0055   0        0       -0.3571  -1.0714   0.3571  -0.1648
 0        0       -5.8448   0.0275   7.3764   0.3572  -1.0989  -0.3846   2.5138  -0.3572  -2.9464   0.3571
 0        0       -0.0275  -2.0055   0.3572   3.6264  -0.3297  -0.3846  -0.3571  -0.1648   0.3571  -1.0714
 0        0        0        0       -1.0989  -0.3297   1.0989   0        0        0.3297   0        0
 0        0        0        0       -0.3846  -0.3846   0        0.3846   0.3846   0        0        0
 0        0       -2.9464  -0.3571   2.5138  -0.3571   0        0.3846   6.2775   0.3571  -5.8448  -0.0275
 0        0       -0.3571  -1.0714  -0.3572  -0.1648   0.3297   0        0.3571   3.2418   0.0275  -2.0055
 0       -0.3846   2.5138   0.3571  -2.9464   0.3571   0        0       -5.8448   0.0275   6.2775  -0.3571
-0.3297   0        0.3572  -0.1648   0.3571  -1.0714   0        0       -0.0275  -2.0055  -0.3571   3.2418
-------  -------  -------  -------  -------  -------  -------  -------  -------  -------  -------  -------
 
Se= (10^10) *  
-------  --------  -------  --------  ------  -------  -------  -------
-1.3736   -3.2967   1.3736   -3.2967  1.3736   3.2967  -1.3736   3.2967
-0.4121  -10.989    0.4121  -10.989   0.4121  10.989   -0.4121  10.989
-3.8462   -0.4808  -3.8462    0.4808  3.8462   0.4808   3.8462  -0.4808
-------  --------  -------  --------  ------  -------  -------  -------
 

 
 
============================================ 
X=1 Y =9
 
K1= (10^9) *  

-------  -------  -------  -------  -------  -------
 1.0989   0       -1.0989   0.3297   0       -0.3297
 0        0.3846   0.3846  -0.3846  -0.3846   0
-1.0989   0.3846   1.4835  -0.7143  -0.3846   0.3297
 0.3297  -0.3846  -0.7143   1.4835   0.3846  -1.0989
 0       -0.3846  -0.3846   0.3846   0.3846   0
-0.3297   0        0.3297  -1.0989   0        1.0989
-------  -------  -------  -------  -------  -------
 
K2= (10^9) *   
-------  -------  -------  -------  -------  -------  -------  -------
 6.6219   0.3571  -6.5792  -0.0275  -3.3109  -0.3571   3.2682   0.0275
 0.3571   2.3891   0.0275  -2.267   -0.3571  -1.1945  -0.0275   1.0724
-6.5792   0.0275   6.6219  -0.3571   3.2682  -0.0275  -3.3109   0.3571
-0.0275  -2.267   -0.3571   2.3891   0.0275   1.0724   0.3571  -1.1945
-3.3109  -0.3571   3.2682   0.0275   6.6219   0.3571  -6.5792  -0.0275
-0.3571  -1.1945  -0.0275   1.0724   0.3571   2.3891   0.0275  -2.267
 3.2682  -0.0275  -3.3109   0.3571  -6.5792   0.0275   6.6219  -0.3571
 0.0275   1.0724   0.3571  -1.1945  -0.0275  -2.267   -0.3571   2.3891
-------  -------  -------  -------  -------  -------  -------  -------
 
K3= (10^9) *   
-------  -------  -------  -------  -------  -------
 1.4835   0.7143  -1.0989  -0.3846  -0.3846  -0.3297
 0.7143   1.4835  -0.3297  -0.3846  -0.3846  -1.0989
-1.0989  -0.3297   1.0989   0        0        0.3297
-0.3846  -0.3846   0        0.3846   0.3846   0
-0.3846  -0.3846   0        0.3846   0.3846   0
-0.3297  -1.0989   0.3297   0        0        1.0989
-------  -------  -------  -------  -------  -------
 
K_tt= (10^9) *   
-------  -------  -------  -------  -------  -------  -------  -------  -------  -------  -------  -------
 1.0989   0       -1.0989   0.3297   0        0        0        0        0        0        0       -0.3297
 0        0.3846   0.3846  -0.3846   0        0        0        0        0        0       -0.3846   0
-1.0989   0.3846   8.1054  -0.3572  -6.5792  -0.0275   0        0       -3.3109  -0.3571   2.8836   0.3572
 0.3297  -0.3846  -0.3572   3.8726   0.0275  -2.267    0        0       -0.3571  -1.1945   0.3571  -0.0265
 0        0       -6.5792   0.0275   8.1054   0.3572  -1.0989  -0.3846   2.8836  -0.3572  -3.3109   0.3571
 0        0       -0.0275  -2.267    0.3572   3.8726  -0.3297  -0.3846  -0.3571  -0.0265   0.3571  -1.1945
 0        0        0        0       -1.0989  -0.3297   1.0989   0        0        0.3297   0        0
 0        0        0        0       -0.3846  -0.3846   0        0.3846   0.3846   0        0        0
 0        0       -3.3109  -0.3571   2.8836  -0.3571   0        0.3846   7.0065   0.3571  -6.5792  -0.0275
 0        0       -0.3571  -1.1945  -0.3572  -0.0265   0.3297   0        0.3571   3.488    0.0275  -2.267
 0       -0.3846   2.8836   0.3571  -3.3109   0.3571   0        0       -6.5792   0.0275   7.0065  -0.3571
-0.3297   0        0.3572  -0.0265   0.3571  -1.1945   0        0       -0.0275  -2.267   -0.3571   3.488
-------  -------  -------  -------  -------  -------  -------  -------  -------  -------  -------  -------
 
Se= (10^10) *  
-------  --------  -------  --------  ------  -------  -------  -------
-1.221    -3.2967   1.221    -3.2967  1.221    3.2967  -1.221    3.2967
-0.3663  -10.989    0.3663  -10.989   0.3663  10.989   -0.3663  10.989
-3.8462   -0.4274  -3.8462    0.4274  3.8462   0.4274   3.8462  -0.4274
-------  --------  -------  --------  ------  -------  -------  -------
 

 
 
============================================ 
X=1 Y =10
 
K1= (10^9) *  

-------  -------  -------  -------  -------  -------
 1.0989   0       -1.0989   0.3297   0       -0.3297
 0        0.3846   0.3846  -0.3846  -0.3846   0
-1.0989   0.3846   1.4835  -0.7143  -0.3846   0.3297
 0.3297  -0.3846  -0.7143   1.4835   0.3846  -1.0989
 0       -0.3846  -0.3846   0.3846   0.3846   0
-0.3297   0        0.3297  -1.0989   0        1.0989
-------  -------  -------  -------  -------  -------
 
K2= (10^9) *   
-------  -------  -------  -------  -------  -------  -------  -------
 7.3516   0.3571  -7.3132  -0.0275  -3.6758  -0.3571   3.6374   0.0275
 0.3571   2.6374   0.0275  -2.5275  -0.3571  -1.3187  -0.0275   1.2088
-7.3132   0.0275   7.3516  -0.3571   3.6374  -0.0275  -3.6758   0.3571
-0.0275  -2.5275  -0.3571   2.6374   0.0275   1.2088   0.3571  -1.3187
-3.6758  -0.3571   3.6374   0.0275   7.3516   0.3571  -7.3132  -0.0275
-0.3571  -1.3187  -0.0275   1.2088   0.3571   2.6374   0.0275  -2.5275
 3.6374  -0.0275  -3.6758   0.3571  -7.3132   0.0275   7.3516  -0.3571
 0.0275   1.2088   0.3571  -1.3187  -0.0275  -2.5275  -0.3571   2.6374
-------  -------  -------  -------  -------  -------  -------  -------
 
K3= (10^9) *   
-------  -------  -------  -------  -------  -------
 1.4835   0.7143  -1.0989  -0.3846  -0.3846  -0.3297
 0.7143   1.4835  -0.3297  -0.3846  -0.3846  -1.0989
-1.0989  -0.3297   1.0989   0        0        0.3297
-0.3846  -0.3846   0        0.3846   0.3846   0
-0.3846  -0.3846   0        0.3846   0.3846   0
-0.3297  -1.0989   0.3297   0        0        1.0989
-------  -------  -------  -------  -------  -------
 
K_tt= (10^9) *   
-------  -------  -------  -------  -------  -------  -------  -------  -------  -------  -------  -------
 1.0989   0       -1.0989   0.3297   0        0        0        0        0        0        0       -0.3297
 0        0.3846   0.3846  -0.3846   0        0        0        0        0        0       -0.3846   0
-1.0989   0.3846   8.8351  -0.3572  -7.3132  -0.0275   0        0       -3.6758  -0.3571   3.2528   0.3572
 0.3297  -0.3846  -0.3572   4.1209   0.0275  -2.5275   0        0       -0.3571  -1.3187   0.3571   0.1099
 0        0       -7.3132   0.0275   8.8351   0.3572  -1.0989  -0.3846   3.2528  -0.3572  -3.6758   0.3571
 0        0       -0.0275  -2.5275   0.3572   4.1209  -0.3297  -0.3846  -0.3571   0.1099   0.3571  -1.3187
 0        0        0        0       -1.0989  -0.3297   1.0989   0        0        0.3297   0        0
 0        0        0        0       -0.3846  -0.3846   0        0.3846   0.3846   0        0        0
 0        0       -3.6758  -0.3571   3.2528  -0.3571   0        0.3846   7.7362   0.3571  -7.3132  -0.0275
 0        0       -0.3571  -1.3187  -0.3572   0.1099   0.3297   0        0.3571   3.7363   0.0275  -2.5275
 0       -0.3846   3.2528   0.3571  -3.6758   0.3571   0        0       -7.3132   0.0275   7.7362  -0.3571
-0.3297   0        0.3572   0.1099   0.3571  -1.3187   0        0       -0.0275  -2.5275  -0.3571   3.7363
-------  -------  -------  -------  -------  -------  -------  -------  -------  -------  -------  -------
 
Se= (10^10) *  
-------  --------  -------  --------  ------  -------  -------  -------
-1.0989   -3.2967   1.0989   -3.2967  1.0989   3.2967  -1.0989   3.2967
-0.3297  -10.989    0.3297  -10.989   0.3297  10.989   -0.3297  10.989
-3.8462   -0.3846  -3.8462    0.3846  3.8462   0.3846   3.8462  -0.3846
-------  --------  -------  --------  ------  -------  -------  -------
 

 
 
============================================ 
X=2 Y =1
 
K1= (10^9) *  

-------  -------  -------  -------  -------  -------
 1.0989   0       -1.0989   0.3297   0       -0.3297
 0        0.3846   0.3846  -0.3846  -0.3846   0
-1.0989   0.3846   1.4835  -0.7143  -0.3846   0.3297
 0.3297  -0.3846  -0.7143   1.4835   0.3846  -1.0989
 0       -0.3846  -0.3846   0.3846   0.3846   0
-0.3297   0        0.3297  -1.0989   0        1.0989
-------  -------  -------  -------  -------  -------
 
K2= (10^9) *   
-------  -------  -------  -------  -------  -------  -------  -------
 0.8791   0.3571  -0.1099  -0.0275  -0.4396  -0.3571  -0.3297   0.0275
 0.3571   1.5934   0.0275   0.6044  -0.3571  -0.7967  -0.0275  -1.4011
-0.1099   0.0275   0.8791  -0.3571  -0.3297  -0.0275  -0.4396   0.3571
-0.0275   0.6044  -0.3571   1.5934   0.0275  -1.4011   0.3571  -0.7967
-0.4396  -0.3571  -0.3297   0.0275   0.8791   0.3571  -0.1099  -0.0275
-0.3571  -0.7967  -0.0275  -1.4011   0.3571   1.5934   0.0275   0.6044
-0.3297  -0.0275  -0.4396   0.3571  -0.1099   0.0275   0.8791  -0.3571
 0.0275  -1.4011   0.3571  -0.7967  -0.0275   0.6044  -0.3571   1.5934
-------  -------  -------  -------  -------  -------  -------  -------
 
K3= (10^9) *   
-------  -------  -------  -------  -------  -------
 1.4835   0.7143  -1.0989  -0.3846  -0.3846  -0.3297
 0.7143   1.4835  -0.3297  -0.3846  -0.3846  -1.0989
-1.0989  -0.3297   1.0989   0        0        0.3297
-0.3846  -0.3846   0        0.3846   0.3846   0
-0.3846  -0.3846   0        0.3846   0.3846   0
-0.3297  -1.0989   0.3297   0        0        1.0989
-------  -------  -------  -------  -------  -------
 
K_tt= (10^9) *   
-------  -------  -------  -------  -------  -------  -------  -------  -------  -------  -------  -------
 1.0989   0       -1.0989   0.3297   0        0        0        0        0        0        0       -0.3297
 0        0.3846   0.3846  -0.3846   0        0        0        0        0        0       -0.3846   0
-1.0989   0.3846   2.3626  -0.3572  -0.1099  -0.0275   0        0       -0.4396  -0.3571  -0.7143   0.3572
 0.3297  -0.3846  -0.3572   3.0769   0.0275   0.6044   0        0       -0.3571  -0.7967   0.3571  -2.5
 0        0       -0.1099   0.0275   2.3626   0.3572  -1.0989  -0.3846  -0.7143  -0.3572  -0.4396   0.3571
 0        0       -0.0275   0.6044   0.3572   3.0769  -0.3297  -0.3846  -0.3571  -2.5      0.3571  -0.7967
 0        0        0        0       -1.0989  -0.3297   1.0989   0        0        0.3297   0        0
 0        0        0        0       -0.3846  -0.3846   0        0.3846   0.3846   0        0        0
 0        0       -0.4396  -0.3571  -0.7143  -0.3571   0        0.3846   1.2637   0.3571  -0.1099  -0.0275
 0        0       -0.3571  -0.7967  -0.3572  -2.5      0.3297   0        0.3571   2.6923   0.0275   0.6044
 0       -0.3846  -0.7143   0.3571  -0.4396   0.3571   0        0       -0.1099   0.0275   1.2637  -0.3571
-0.3297   0        0.3572  -2.5      0.3571  -0.7967   0        0       -0.0275   0.6044  -0.3571   2.6923
-------  -------  -------  -------  -------  -------  -------  -------  -------  -------  -------  -------
 
Se= (10^10) *  
--------  -------  -------  -------  -------  ------  --------  -------
-10.989   -1.6484  10.989   -1.6484  10.989   1.6484  -10.989    1.6484
 -3.2967  -5.4945   3.2967  -5.4945   3.2967  5.4945   -3.2967   5.4945
 -1.9231  -3.8462  -1.9231   3.8462   1.9231  3.8462    1.9231  -3.8462
--------  -------  -------  -------  -------  ------  --------  -------
 

 
 
============================================ 
X=2 Y =2
 
K1= (10^9) *  

-------  -------  -------  -------  -------  -------
 1.0989   0       -1.0989   0.3297   0       -0.3297
 0        0.3846   0.3846  -0.3846  -0.3846   0
-1.0989   0.3846   1.4835  -0.7143  -0.3846   0.3297
 0.3297  -0.3846  -0.7143   1.4835   0.3846  -1.0989
 0       -0.3846  -0.3846   0.3846   0.3846   0
-0.3297   0        0.3297  -1.0989   0        1.0989
-------  -------  -------  -------  -------  -------
 
K2= (10^9) *   
-------  -------  -------  -------  -------  -------  -------  -------
 0.989    0.3571  -0.6044  -0.0275  -0.4945  -0.3571   0.1099   0.0275
 0.3571   0.989    0.0275   0.1099  -0.3571  -0.4945  -0.0275  -0.6044
-0.6044   0.0275   0.989   -0.3571   0.1099  -0.0275  -0.4945   0.3571
-0.0275   0.1099  -0.3571   0.989    0.0275  -0.6044   0.3571  -0.4945
-0.4945  -0.3571   0.1099   0.0275   0.989    0.3571  -0.6044  -0.0275
-0.3571  -0.4945  -0.0275  -0.6044   0.3571   0.989    0.0275   0.1099
 0.1099  -0.0275  -0.4945   0.3571  -0.6044   0.0275   0.989   -0.3571
 0.0275  -0.6044   0.3571  -0.4945  -0.0275   0.1099  -0.3571   0.989
