X=1 Y =1
 
K1= (10^11) *  

-------  -------  -------  -------  -------  -------
 1.3462   0       -1.3462   0.5769   0       -0.5769
 0        0.3846   0.3846  -0.3846  -0.3846   0
-1.3462   0.3846   1.7308  -0.9615  -0.3846   0.5769
 0.5769  -0.3846  -0.9615   1.7308   0.3846  -1.3462
 0       -0.3846  -0.3846   0.3846   0.3846   0
-0.5769   0        0.5769  -1.3462   0        1.3462
-------  -------  -------  -------  -------  -------
 
K2= (10^11) *   
-------  -------  -------  -------  -------  -------  -------  -------
 1.1538   0.4808  -0.7692   0.0962  -0.5769  -0.4808   0.1923  -0.0962
 0.4808   1.1538  -0.0962   0.1923  -0.4808  -0.5769   0.0962  -0.7692
-0.7692  -0.0962   1.1538  -0.4808   0.1923   0.0962  -0.5769   0.4808
 0.0962   0.1923  -0.4808   1.1538  -0.0962  -0.7692   0.4808  -0.5769
-0.5769  -0.4808   0.1923  -0.0962   1.1538   0.4808  -0.7692   0.0962
-0.4808  -0.5769   0.0962  -0.7692   0.4808   1.1538  -0.0962   0.1923
 0.1923   0.0962  -0.5769   0.4808  -0.7692  -0.0962   1.1538  -0.4808
-0.0962  -0.7692   0.4808  -0.5769   0.0962   0.1923  -0.4808   1.1538
-------  -------  -------  -------  -------  -------  -------  -------
 
K3= (10^11) *   
-------  -------  -------  -------  -------  -------
 1.7308   0.9615  -1.3462  -0.3846  -0.3846  -0.5769
 0.9615   1.7308  -0.5769  -0.3846  -0.3846  -1.3462
-1.3462  -0.5769   1.3462   0        0        0.5769
-0.3846  -0.3846   0        0.3846   0.3846   0
-0.3846  -0.3846   0        0.3846   0.3846   0
-0.5769  -1.3462   0.5769   0        0        1.3462
-------  -------  -------  -------  -------  -------
 
K_tt= (10^11) *   
-------  -------  -------  -------  -------  -------  -------  -------  -------  -------  -------  -------
 1.3462   0       -1.3462   0.5769   0        0        0        0        0        0        0       -0.5769
 0        0.3846   0.3846  -0.3846   0        0        0        0        0        0       -0.3846   0
-1.3462   0.3846   2.8846  -0.4807  -0.7692   0.0962   0        0       -0.5769  -0.4808  -0.1923   0.4807
 0.5769  -0.3846  -0.4807   2.8846  -0.0962   0.1923   0        0       -0.4808  -0.5769   0.4808  -2.1154
 0        0       -0.7692  -0.0962   2.8846   0.4807  -1.3462  -0.3846  -0.1923  -0.4807  -0.5769   0.4808
 0        0        0.0962   0.1923   0.4807   2.8846  -0.5769  -0.3846  -0.4808  -2.1154   0.4808  -0.5769
 0        0        0        0       -1.3462  -0.5769   1.3462   0        0        0.5769   0        0
 0        0        0        0       -0.3846  -0.3846   0        0.3846   0.3846   0        0        0
 0        0       -0.5769  -0.4808  -0.1923  -0.4808   0        0.3846   1.5384   0.4808  -0.7692   0.0962
 0        0       -0.4808  -0.5769  -0.4807  -2.1154   0.5769   0        0.4808   2.5     -0.0962   0.1923
 0       -0.3846  -0.1923   0.4808  -0.5769   0.4808   0        0       -0.7692  -0.0962   1.5384  -0.4808
-0.5769   0        0.4807  -2.1154   0.4808  -0.5769   0        0        0.0962   0.1923  -0.4808   2.5
-------  -------  -------  -------  -------  -------  -------  -------  -------  -------  -------  -------
 
Se= (10^10) *  
--------  --------  -------  --------  -------  -------  --------  -------
-13.4615   -5.7692  13.4615   -5.7692  13.4615   5.7692  -13.4615   5.7692
 -5.7692  -13.4615   5.7692  -13.4615   5.7692  13.4615   -5.7692  13.4615
 -3.8462   -3.8462  -3.8462    3.8462   3.8462   3.8462    3.8462  -3.8462
--------  --------  -------  --------  -------  -------  --------  -------
 

 
 
============================================ 
X=1 Y =2
 
K1= (10^11) *  

-------  -------  -------  -------  -------  -------
 1.3462   0       -1.3462   0.5769   0       -0.5769
 0        0.3846   0.3846  -0.3846  -0.3846   0
-1.3462   0.3846   1.7308  -0.9615  -0.3846   0.5769
 0.5769  -0.3846  -0.9615   1.7308   0.3846  -1.3462
 0       -0.3846  -0.3846   0.3846   0.3846   0
-0.5769   0        0.5769  -1.3462   0        1.3462
-------  -------  -------  -------  -------  -------
 
K2= (10^11) *   
-------  -------  -------  -------  -------  -------  -------  -------
 1.9231   0.4808  -1.7308   0.0962  -0.9615  -0.4808   0.7692  -0.0962
 0.4808   0.9615  -0.0962  -0.2885  -0.4808  -0.4808   0.0962  -0.1923
-1.7308  -0.0962   1.9231  -0.4808   0.7692   0.0962  -0.9615   0.4808
 0.0962  -0.2885  -0.4808   0.9615  -0.0962  -0.1923   0.4808  -0.4808
-0.9615  -0.4808   0.7692  -0.0962   1.9231   0.4808  -1.7308   0.0962
-0.4808  -0.4808   0.0962  -0.1923   0.4808   0.9615  -0.0962  -0.2885
 0.7692   0.0962  -0.9615   0.4808  -1.7308  -0.0962   1.9231  -0.4808
-0.0962  -0.1923   0.4808  -0.4808   0.0962  -0.2885  -0.4808   0.9615
-------  -------  -------  -------  -------  -------  -------  -------
 
K3= (10^11) *   
-------  -------  -------  -------  -------  -------
 1.7308   0.9615  -1.3462  -0.3846  -0.3846  -0.5769
 0.9615   1.7308  -0.5769  -0.3846  -0.3846  -1.3462
-1.3462  -0.5769   1.3462   0        0        0.5769
-0.3846  -0.3846   0        0.3846   0.3846   0
-0.3846  -0.3846   0        0.3846   0.3846   0
-0.5769  -1.3462   0.5769   0        0        1.3462
-------  -------  -------  -------  -------  -------
 
K_tt= (10^11) *   
-------  -------  -------  -------  -------  -------  -------  -------  -------  -------  -------  -------
 1.3462   0       -1.3462   0.5769   0        0        0        0        0        0        0       -0.5769
 0        0.3846   0.3846  -0.3846   0        0        0        0        0        0       -0.3846   0
-1.3462   0.3846   3.6539  -0.4807  -1.7308   0.0962   0        0       -0.9615  -0.4808   0.3846   0.4807
 0.5769  -0.3846  -0.4807   2.6923  -0.0962  -0.2885   0        0       -0.4808  -0.4808   0.4808  -1.5385
 0        0       -1.7308  -0.0962   3.6539   0.4807  -1.3462  -0.3846   0.3846  -0.4807  -0.9615   0.4808
 0        0        0.0962  -0.2885   0.4807   2.6923  -0.5769  -0.3846  -0.4808  -1.5385   0.4808  -0.4808
 0        0        0        0       -1.3462  -0.5769   1.3462   0        0        0.5769   0        0
 0        0        0        0       -0.3846  -0.3846   0        0.3846   0.3846   0        0        0
 0        0       -0.9615  -0.4808   0.3846  -0.4808   0        0.3846   2.3077   0.4808  -1.7308   0.0962
 0        0       -0.4808  -0.4808  -0.4807  -1.5385   0.5769   0        0.4808   2.3077  -0.0962  -0.2885
 0       -0.3846   0.3846   0.4808  -0.9615   0.4808   0        0       -1.7308  -0.0962   2.3077  -0.4808
-0.5769   0        0.4807  -1.5385   0.4808  -0.4808   0        0        0.0962  -0.2885  -0.4808   2.3077
-------  -------  -------  -------  -------  -------  -------  -------  -------  -------  -------  -------
 
Se= (10^10) *  
-------  --------  -------  --------  ------  -------  -------  -------
-6.7308   -5.7692   6.7308   -5.7692  6.7308   5.7692  -6.7308   5.7692
-2.8846  -13.4615   2.8846  -13.4615  2.8846  13.4615  -2.8846  13.4615
-3.8462   -1.9231  -3.8462    1.9231  3.8462   1.9231   3.8462  -1.9231
-------  --------  -------  --------  ------  -------  -------  -------
 

 
 
============================================ 
X=1 Y =3
 
K1= (10^11) *  

-------  -------  -------  -------  -------  -------
 1.3462   0       -1.3462   0.5769   0       -0.5769
 0        0.3846   0.3846  -0.3846  -0.3846   0
-1.3462   0.3846   1.7308  -0.9615  -0.3846   0.5769
 0.5769  -0.3846  -0.9615   1.7308   0.3846  -1.3462
 0       -0.3846  -0.3846   0.3846   0.3846   0
-0.5769   0        0.5769  -1.3462   0        1.3462
-------  -------  -------  -------  -------  -------
 
K2= (10^11) *   
-------  -------  -------  -------  -------  -------  -------  -------
 2.7778   0.4808  -2.6496   0.0962  -1.3889  -0.4808   1.2607  -0.0962
 0.4808   1.0684  -0.0962  -0.6197  -0.4808  -0.5342   0.0962   0.0855
-2.6496  -0.0962   2.7778  -0.4808   1.2607   0.0962  -1.3889   0.4808
 0.0962  -0.6197  -0.4808   1.0684  -0.0962   0.0855   0.4808  -0.5342
-1.3889  -0.4808   1.2607  -0.0962   2.7778   0.4808  -2.6496   0.0962
-0.4808  -0.5342   0.0962   0.0855   0.4808   1.0684  -0.0962  -0.6197
 1.2607   0.0962  -1.3889   0.4808  -2.6496  -0.0962   2.7778  -0.4808
-0.0962   0.0855   0.4808  -0.5342   0.0962  -0.6197  -0.4808   1.0684
-------  -------  -------  -------  -------  -------  -------  -------
 
K3= (10^11) *   
-------  -------  -------  -------  -------  -------
 1.7308   0.9615  -1.3462  -0.3846  -0.3846  -0.5769
 0.9615   1.7308  -0.5769  -0.3846  -0.3846  -1.3462
-1.3462  -0.5769   1.3462   0        0        0.5769
-0.3846  -0.3846   0        0.3846   0.3846   0
-0.3846  -0.3846   0        0.3846   0.3846   0
-0.5769  -1.3462   0.5769   0        0        1.3462
-------  -------  -------  -------  -------  -------
 
K_tt= (10^11) *   
-------  -------  -------  -------  -------  -------  -------  -------  -------  -------  -------  -------
 1.3462   0       -1.3462   0.5769   0        0        0        0        0        0        0       -0.5769
 0        0.3846   0.3846  -0.3846   0        0        0        0        0        0       -0.3846   0
-1.3462   0.3846   4.5086  -0.4807  -2.6496   0.0962   0        0       -1.3889  -0.4808   0.8761   0.4807
 0.5769  -0.3846  -0.4807   2.7992  -0.0962  -0.6197   0        0       -0.4808  -0.5342   0.4808  -1.2607
 0        0       -2.6496  -0.0962   4.5086   0.4807  -1.3462  -0.3846   0.8761  -0.4807  -1.3889   0.4808
 0        0        0.0962  -0.6197   0.4807   2.7992  -0.5769  -0.3846  -0.4808  -1.2607   0.4808  -0.5342
 0        0        0        0       -1.3462  -0.5769   1.3462   0        0        0.5769   0        0
 0        0        0        0       -0.3846  -0.3846   0        0.3846   0.3846   0        0        0
 0        0       -1.3889  -0.4808   0.8761  -0.4808   0        0.3846   3.1624   0.4808  -2.6496   0.0962
 0        0       -0.4808  -0.5342  -0.4807  -1.2607   0.5769   0        0.4808   2.4146  -0.0962  -0.6197
 0       -0.3846   0.8761   0.4808  -1.3889   0.4808   0        0       -2.6496  -0.0962   3.1624  -0.4808
-0.5769   0        0.4807  -1.2607   0.4808  -0.5342   0        0        0.0962  -0.6197  -0.4808   2.4146
-------  -------  -------  -------  -------  -------  -------  -------  -------  -------  -------  -------
 
Se= (10^10) *  
-------  --------  -------  --------  ------  -------  -------  -------
-4.4872   -5.7692   4.4872   -5.7692  4.4872   5.7692  -4.4872   5.7692
-1.9231  -13.4615   1.9231  -13.4615  1.9231  13.4615  -1.9231  13.4615
-3.8462   -1.2821  -3.8462    1.2821  3.8462   1.2821   3.8462  -1.2821
-------  --------  -------  --------  ------  -------  -------  -------
 

 
 
============================================ 
X=1 Y =4
 
K1= (10^11) *  

-------  -------  -------  -------  -------  -------
 1.3462   0       -1.3462   0.5769   0       -0.5769
 0        0.3846   0.3846  -0.3846  -0.3846   0
-1.3462   0.3846   1.7308  -0.9615  -0.3846   0.5769
 0.5769  -0.3846  -0.9615   1.7308   0.3846  -1.3462
 0       -0.3846  -0.3846   0.3846   0.3846   0
-0.5769   0        0.5769  -1.3462   0        1.3462
-------  -------  -------  -------  -------  -------
 
K2= (10^11) *   
-------  -------  -------  -------  -------  -------  -------  -------
 3.6538   0.4808  -3.5577   0.0962  -1.8269  -0.4808   1.7308  -0.0962
 0.4808   1.25    -0.0962  -0.9135  -0.4808  -0.625    0.0962   0.2885
-3.5577  -0.0962   3.6538  -0.4808   1.7308   0.0962  -1.8269   0.4808
 0.0962  -0.9135  -0.4808   1.25    -0.0962   0.2885   0.4808  -0.625
-1.8269  -0.4808   1.7308  -0.0962   3.6538   0.4808  -3.5577   0.0962
-0.4808  -0.625    0.0962   0.2885   0.4808   1.25    -0.0962  -0.9135
 1.7308   0.0962  -1.8269   0.4808  -3.5577  -0.0962   3.6538  -0.4808
-0.0962   0.2885   0.4808  -0.625    0.0962  -0.9135  -0.4808   1.25
-------  -------  -------  -------  -------  -------  -------  -------
 
K3= (10^11) *   
-------  -------  -------  -------  -------  -------
 1.7308   0.9615  -1.3462  -0.3846  -0.3846  -0.5769
 0.9615   1.7308  -0.5769  -0.3846  -0.3846  -1.3462
-1.3462  -0.5769   1.3462   0        0        0.5769
-0.3846  -0.3846   0        0.3846   0.3846   0
-0.3846  -0.3846   0        0.3846   0.3846   0
-0.5769  -1.3462   0.5769   0        0        1.3462
-------  -------  -------  -------  -------  -------
 
K_tt= (10^11) *   
-------  -------  -------  -------  -------  -------  -------  -------  -------  -------  -------  -------
 1.3462   0       -1.3462   0.5769   0        0        0        0        0        0        0       -0.5769
 0        0.3846   0.3846  -0.3846   0        0        0        0        0        0       -0.3846   0
-1.3462   0.3846   5.3846  -0.4807  -3.5577   0.0962   0        0       -1.8269  -0.4808   1.3462   0.4807
 0.5769  -0.3846  -0.4807   2.9808  -0.0962  -0.9135   0        0       -0.4808  -0.625    0.4808  -1.0577
 0        0       -3.5577  -0.0962   5.3846   0.4807  -1.3462  -0.3846   1.3462  -0.4807  -1.8269   0.4808
 0        0        0.0962  -0.9135   0.4807   2.9808  -0.5769  -0.3846  -0.4808  -1.0577   0.4808  -0.625
 0        0        0        0       -1.3462  -0.5769   1.3462   0        0        0.5769   0        0
 0        0        0        0       -0.3846  -0.3846   0        0.3846   0.3846   0        0        0
 0        0       -1.8269  -0.4808   1.3462  -0.4808   0        0.3846   4.0384   0.4808  -3.5577   0.0962
 0        0       -0.4808  -0.625   -0.4807  -1.0577   0.5769   0        0.4808   2.5962  -0.0962  -0.9135
 0       -0.3846   1.3462   0.4808  -1.8269   0.4808   0        0       -3.5577  -0.0962   4.0384  -0.4808
-0.5769   0        0.4807  -1.0577   0.4808  -0.625    0        0        0.0962  -0.9135  -0.4808   2.5962
-------  -------  -------  -------  -------  -------  -------  -------  -------  -------  -------  -------
 
Se= (10^10) *  
-------  --------  -------  --------  ------  -------  -------  -------
-3.3654   -5.7692   3.3654   -5.7692  3.3654   5.7692  -3.3654   5.7692
-1.4423  -13.4615   1.4423  -13.4615  1.4423  13.4615  -1.4423  13.4615
-3.8462   -0.9615  -3.8462    0.9615  3.8462   0.9615   3.8462  -0.9615
-------  --------  -------  --------  ------  -------  -------  -------
 

 
 
============================================ 
X=1 Y =5
 
K1= (10^11) *  

-------  -------  -------  -------  -------  -------
 1.3462   0       -1.3462   0.5769   0       -0.5769
 0        0.3846   0.3846  -0.3846  -0.3846   0
-1.3462   0.3846   1.7308  -0.9615  -0.3846   0.5769
 0.5769  -0.3846  -0.9615   1.7308   0.3846  -1.3462
 0       -0.3846  -0.3846   0.3846   0.3846   0
-0.5769   0        0.5769  -1.3462   0        1.3462
-------  -------  -------  -------  -------  -------
 
K2= (10^11) *   
-------  -------  -------  -------  -------  -------  -------  -------
 4.5385   0.4808  -4.4615   0.0962  -2.2692  -0.4808   2.1923  -0.0962
 0.4808   1.4615  -0.0962  -1.1923  -0.4808  -0.7308   0.0962   0.4615
-4.4615  -0.0962   4.5385  -0.4808   2.1923   0.0962  -2.2692   0.4808
 0.0962  -1.1923  -0.4808   1.4615  -0.0962   0.4615   0.4808  -0.7308
-2.2692  -0.4808   2.1923  -0.0962   4.5385   0.4808  -4.4615   0.0962
-0.4808  -0.7308   0.0962   0.4615   0.4808   1.4615  -0.0962  -1.1923
 2.1923   0.0962  -2.2692   0.4808  -4.4615  -0.0962   4.5385  -0.4808
-0.0962   0.4615   0.4808  -0.7308   0.0962  -1.1923  -0.4808   1.4615
-------  -------  -------  -------  -------  -------  -------  -------
 
K3= (10^11) *   
-------  -------  -------  -------  -------  -------
 1.7308   0.9615  -1.3462  -0.3846  -0.3846  -0.5769
 0.9615   1.7308  -0.5769  -0.3846  -0.3846  -1.3462
-1.3462  -0.5769   1.3462   0        0        0.5769
-0.3846  -0.3846   0        0.3846   0.3846   0
-0.3846  -0.3846   0        0.3846   0.3846   0
-0.5769  -1.3462   0.5769   0        0        1.3462
-------  -------  -------  -------  -------  -------
 
K_tt= (10^11) *   
-------  -------  -------  -------  -------  -------  -------  -------  -------  -------  -------  -------
 1.3462   0       -1.3462   0.5769   0        0        0        0        0        0        0       -0.5769
 0        0.3846   0.3846  -0.3846   0        0        0        0        0        0       -0.3846   0
-1.3462   0.3846   6.2693  -0.4807  -4.4615   0.0962   0        0       -2.2692  -0.4808   1.8077   0.4807
 0.5769  -0.3846  -0.4807   3.1923  -0.0962  -1.1923   0        0       -0.4808  -0.7308   0.4808  -0.8847
 0        0       -4.4615  -0.0962   6.2693   0.4807  -1.3462  -0.3846   1.8077  -0.4807  -2.2692   0.4808
 0        0        0.0962  -1.1923   0.4807   3.1923  -0.5769  -0.3846  -0.4808  -0.8847   0.4808  -0.7308
 0        0        0        0       -1.3462  -0.5769   1.3462   0        0        0.5769   0        0
 0        0        0        0       -0.3846  -0.3846   0        0.3846   0.3846   0        0        0
 0        0       -2.2692  -0.4808   1.8077  -0.4808   0        0.3846   4.9231   0.4808  -4.4615   0.0962
 0        0       -0.4808  -0.7308  -0.4807  -0.8847   0.5769   0        0.4808   2.8077  -0.0962  -1.1923
 0       -0.3846   1.8077   0.4808  -2.2692   0.4808   0        0       -4.4615  -0.0962   4.9231  -0.4808
-0.5769   0        0.4807  -0.8847   0.4808  -0.7308   0        0        0.0962  -1.1923  -0.4808   2.8077
-------  -------  -------  -------  -------  -------  -------  -------  -------  -------  -------  -------
 
Se= (10^10) *  
-------  --------  -------  --------  ------  -------  -------  -------
-2.6923   -5.7692   2.6923   -5.7692  2.6923   5.7692  -2.6923   5.7692
-1.1538  -13.4615   1.1538  -13.4615  1.1538  13.4615  -1.1538  13.4615
-3.8462   -0.7692  -3.8462    0.7692  3.8462   0.7692   3.8462  -0.7692
-------  --------  -------  --------  ------  -------  -------  -------
 

 
 
============================================ 
X=1 Y =6
 
K1= (10^11) *  

-------  -------  -------  -------  -------  -------
 1.3462   0       -1.3462   0.5769   0       -0.5769
 0        0.3846   0.3846  -0.3846  -0.3846   0
-1.3462   0.3846   1.7308  -0.9615  -0.3846   0.5769
 0.5769  -0.3846  -0.9615   1.7308   0.3846  -1.3462
 0       -0.3846  -0.3846   0.3846   0.3846   0
-0.5769   0        0.5769  -1.3462   0        1.3462
-------  -------  -------  -------  -------  -------
 
K2= (10^11) *   
-------  -------  -------  -------  -------  -------  -------  -------
 5.4274   0.4808  -5.3632   0.0962  -2.7137  -0.4808   2.6496  -0.0962
 0.4808   1.688   -0.0962  -1.4637  -0.4808  -0.844    0.0962   0.6197
-5.3632  -0.0962   5.4274  -0.4808   2.6496   0.0962  -2.7137   0.4808
 0.0962  -1.4637  -0.4808   1.688   -0.0962   0.6197   0.4808  -0.844
-2.7137  -0.4808   2.6496  -0.0962   5.4274   0.4808  -5.3632   0.0962
-0.4808  -0.844    0.0962   0.6197   0.4808   1.688   -0.0962  -1.4637
 2.6496   0.0962  -2.7137   0.4808  -5.3632  -0.0962   5.4274  -0.4808
-0.0962   0.6197   0.4808  -0.844    0.0962  -1.4637  -0.4808   1.688
-------  -------  -------  -------  -------  -------  -------  -------
 
K3= (10^11) *   
-------  -------  -------  -------  -------  -------
 1.7308   0.9615  -1.3462  -0.3846  -0.3846  -0.5769
 0.9615   1.7308  -0.5769  -0.3846  -0.3846  -1.3462
-1.3462  -0.5769   1.3462   0        0        0.5769
-0.3846  -0.3846   0        0.3846   0.3846   0
-0.3846  -0.3846   0        0.3846   0.3846   0
-0.5769  -1.3462   0.5769   0        0        1.3462
-------  -------  -------  -------  -------  -------
 
K_tt= (10^11) *   
-------  -------  -------  -------  -------  -------  -------  -------  -------  -------  -------  -------
 1.3462   0       -1.3462   0.5769   0        0        0        0        0        0        0       -0.5769
 0        0.3846   0.3846  -0.3846   0        0        0        0        0        0       -0.3846   0
-1.3462   0.3846   7.1582  -0.4807  -5.3632   0.0962   0        0       -2.7137  -0.4808   2.265    0.4807
 0.5769  -0.3846  -0.4807   3.4188  -0.0962  -1.4637   0        0       -0.4808  -0.844    0.4808  -0.7265
 0        0       -5.3632  -0.0962   7.1582   0.4807  -1.3462  -0.3846   2.265   -0.4807  -2.7137   0.4808
 0        0        0.0962  -1.4637   0.4807   3.4188  -0.5769  -0.3846  -0.4808  -0.7265   0.4808  -0.844
 0        0        0        0       -1.3462  -0.5769   1.3462   0        0        0.5769   0        0
 0        0        0        0       -0.3846  -0.3846   0        0.3846   0.3846   0        0        0
 0        0       -2.7137  -0.4808   2.265   -0.4808   0        0.3846   5.812    0.4808  -5.3632   0.0962
 0        0       -0.4808  -0.844   -0.4807  -0.7265   0.5769   0        0.4808   3.0342  -0.0962  -1.4637
 0       -0.3846   2.265    0.4808  -2.7137   0.4808   0        0       -5.3632  -0.0962   5.812   -0.4808
-0.5769   0        0.4807  -0.7265   0.4808  -0.844    0        0        0.0962  -1.4637  -0.4808   3.0342
-------  -------  -------  -------  -------  -------  -------  -------  -------  -------  -------  -------
 
Se= (10^10) *  
-------  --------  -------  --------  ------  -------  -------  -------
-2.2436   -5.7692   2.2436   -5.7692  2.2436   5.7692  -2.2436   5.7692
-0.9615  -13.4615   0.9615  -13.4615  0.9615  13.4615  -0.9615  13.4615
-3.8462   -0.641   -3.8462    0.641   3.8462   0.641    3.8462  -0.641
-------  --------  -------  --------  ------  -------  -------  -------
 

 
 
============================================ 
X=1 Y =7
 
K1= (10^11) *  

-------  -------  -------  -------  -------  -------
 1.3462   0       -1.3462   0.5769   0       -0.5769
 0        0.3846   0.3846  -0.3846  -0.3846   0
-1.3462   0.3846   1.7308  -0.9615  -0.3846   0.5769
 0.5769  -0.3846  -0.9615   1.7308   0.3846  -1.3462
 0       -0.3846  -0.3846   0.3846   0.3846   0
-0.5769   0        0.5769  -1.3462   0        1.3462
-------  -------  -------  -------  -------  -------
 
K2= (10^11) *   
-------  -------  -------  -------  -------  -------  -------  -------
 6.3187   0.4808  -6.2637   0.0962  -3.1593  -0.4808   3.1044  -0.0962
 0.4808   1.9231  -0.0962  -1.7308  -0.4808  -0.9615   0.0962   0.7692
-6.2637  -0.0962   6.3187  -0.4808   3.1044   0.0962  -3.1593   0.4808
 0.0962  -1.7308  -0.4808   1.9231  -0.0962   0.7692   0.4808  -0.9615
-3.1593  -0.4808   3.1044  -0.0962   6.3187   0.4808  -6.2637   0.0962
-0.4808  -0.9615   0.0962   0.7692   0.4808   1.9231  -0.0962  -1.7308
 3.1044   0.0962  -3.1593   0.4808  -6.2637  -0.0962   6.3187  -0.4808
-0.0962   0.7692   0.4808  -0.9615   0.0962  -1.7308  -0.4808   1.9231
-------  -------  -------  -------  -------  -------  -------  -------
 
K3= (10^11) *   
-------  -------  -------  -------  -------  -------
 1.7308   0.9615  -1.3462  -0.3846  -0.3846  -0.5769
 0.9615   1.7308  -0.5769  -0.3846  -0.3846  -1.3462
-1.3462  -0.5769   1.3462   0        0        0.5769
-0.3846  -0.3846   0        0.3846   0.3846   0
-0.3846  -0.3846   0        0.3846   0.3846   0
-0.5769  -1.3462   0.5769   0        0        1.3462
-------  -------  -------  -------  -------  -------
 
K_tt= (10^11) *   
-------  -------  -------  -------  -------  -------  -------  -------  -------  -------  -------  -------
 1.3462   0       -1.3462   0.5769   0        0        0        0        0        0        0       -0.5769
 0        0.3846   0.3846  -0.3846   0        0        0        0        0        0       -0.3846   0
-1.3462   0.3846   8.0495  -0.4807  -6.2637   0.0962   0        0       -3.1593  -0.4808   2.7198   0.4807
 0.5769  -0.3846  -0.4807   3.6539  -0.0962  -1.7308   0        0       -0.4808  -0.9615   0.4808  -0.577
 0        0       -6.2637  -0.0962   8.0495   0.4807  -1.3462  -0.3846   2.7198  -0.4807  -3.1593   0.4808
 0        0        0.0962  -1.7308   0.4807   3.6539  -0.5769  -0.3846  -0.4808  -0.577    0.4808  -0.9615
 0        0        0        0       -1.3462  -0.5769   1.3462   0        0        0.5769   0        0
 0        0        0        0       -0.3846  -0.3846   0        0.3846   0.3846   0        0        0
 0        0       -3.1593  -0.4808   2.7198  -0.4808   0        0.3846   6.7033   0.4808  -6.2637   0.0962
 0        0       -0.4808  -0.9615  -0.4807  -0.577    0.5769   0        0.4808   3.2693  -0.0962  -1.7308
 0       -0.3846   2.7198   0.4808  -3.1593   0.4808   0        0       -6.2637  -0.0962   6.7033  -0.4808
-0.5769   0        0.4807  -0.577    0.4808  -0.9615   0        0        0.0962  -1.7308  -0.4808   3.2693
-------  -------  -------  -------  -------  -------  -------  -------  -------  -------  -------  -------
 
Se= (10^10) *  
-------  --------  -------  --------  ------  -------  -------  -------
-1.9231   -5.7692   1.9231   -5.7692  1.9231   5.7692  -1.9231   5.7692
-0.8242  -13.4615   0.8242  -13.4615  0.8242  13.4615  -0.8242  13.4615
-3.8462   -0.5495  -3.8462    0.5495  3.8462   0.5495   3.8462  -0.5495
-------  --------  -------  --------  ------  -------  -------  -------
 

 
 
============================================ 
X=1 Y =8
 
K1= (10^11) *  

-------  -------  -------  -------  -------  -------
 1.3462   0       -1.3462   0.5769   0       -0.5769
 0        0.3846   0.3846  -0.3846  -0.3846   0
-1.3462   0.3846   1.7308  -0.9615  -0.3846   0.5769
 0.5769  -0.3846  -0.9615   1.7308   0.3846  -1.3462
 0       -0.3846  -0.3846   0.3846   0.3846   0
-0.5769   0        0.5769  -1.3462   0        1.3462
-------  -------  -------  -------  -------  -------
 
K2= (10^11) *   
-------  -------  -------  -------  -------  -------  -------  -------
 7.2115   0.4808  -7.1635   0.0962  -3.6058  -0.4808   3.5577  -0.0962
 0.4808   2.1635  -0.0962  -1.9952  -0.4808  -1.0817   0.0962   0.9135
-7.1635  -0.0962   7.2115  -0.4808   3.5577   0.0962  -3.6058   0.4808
 0.0962  -1.9952  -0.4808   2.1635  -0.0962   0.9135   0.4808  -1.0817
-3.6058  -0.4808   3.5577  -0.0962   7.2115   0.4808  -7.1635   0.0962
-0.4808  -1.0817   0.0962   0.9135   0.4808   2.1635  -0.0962  -1.9952
 3.5577   0.0962  -3.6058   0.4808  -7.1635  -0.0962   7.2115  -0.4808
-0.0962   0.9135   0.4808  -1.0817   0.0962  -1.9952  -0.4808   2.1635
-------  -------  -------  -------  -------  -------  -------  -------
 
K3= (10^11) *   
-------  -------  -------  -------  -------  -------
 1.7308   0.9615  -1.3462  -0.3846  -0.3846  -0.5769
 0.9615   1.7308  -0.5769  -0.3846  -0.3846  -1.3462
-1.3462  -0.5769   1.3462   0        0        0.5769
-0.3846  -0.3846   0        0.3846   0.3846   0
-0.3846  -0.3846   0        0.3846   0.3846   0
-0.5769  -1.3462   0.5769   0        0        1.3462
-------  -------  -------  -------  -------  -------
 
K_tt= (10^11) *   
-------  -------  -------  -------  -------  -------  -------  -------  -------  -------  -------  -------
 1.3462   0       -1.3462   0.5769   0        0        0        0        0        0        0       -0.5769
 0        0.3846   0.3846  -0.3846   0        0        0        0        0        0       -0.3846   0
-1.3462   0.3846   8.9423  -0.4807  -7.1635   0.0962   0        0       -3.6058  -0.4808   3.1731   0.4807
 0.5769  -0.3846  -0.4807   3.8943  -0.0962  -1.9952   0        0       -0.4808  -1.0817   0.4808  -0.4327
 0        0       -7.1635  -0.0962   8.9423   0.4807  -1.3462  -0.3846   3.1731  -0.4807  -3.6058   0.4808
 0        0        0.0962  -1.9952   0.4807   3.8943  -0.5769  -0.3846  -0.4808  -0.4327   0.4808  -1.0817
 0        0        0        0       -1.3462  -0.5769   1.3462   0        0        0.5769   0        0
 0        0        0        0       -0.3846  -0.3846   0        0.3846   0.3846   0        0        0
 0        0       -3.6058  -0.4808   3.1731  -0.4808   0        0.3846   7.5961   0.4808  -7.1635   0.0962
 0        0       -0.4808  -1.0817  -0.4807  -0.4327   0.5769   0        0.4808   3.5097  -0.0962  -1.9952
 0       -0.3846   3.1731   0.4808  -3.6058   0.4808   0        0       -7.1635  -0.0962   7.5961  -0.4808
-0.5769   0        0.4807  -0.4327   0.4808  -1.0817   0        0        0.0962  -1.9952  -0.4808   3.5097
-------  -------  -------  -------  -------  -------  -------  -------  -------  -------  -------  -------
 
Se= (10^10) *  
-------  --------  -------  --------  ------  -------  -------  -------
-1.6827   -5.7692   1.6827   -5.7692  1.6827   5.7692  -1.6827   5.7692
-0.7212  -13.4615   0.7212  -13.4615  0.7212  13.4615  -0.7212  13.4615
-3.8462   -0.4808  -3.8462    0.4808  3.8462   0.4808   3.8462  -0.4808
-------  --------  -------  --------  ------  -------  -------  -------
 

 
 
============================================ 
X=1 Y =9
 
K1= (10^11) *  

-------  -------  -------  -------  -------  -------
 1.3462   0       -1.3462   0.5769   0       -0.5769
 0        0.3846   0.3846  -0.3846  -0.3846   0
-1.3462   0.3846   1.7308  -0.9615  -0.3846   0.5769
 0.5769  -0.3846  -0.9615   1.7308   0.3846  -1.3462
 0       -0.3846  -0.3846   0.3846   0.3846   0
-0.5769   0        0.5769  -1.3462   0        1.3462
-------  -------  -------  -------  -------  -------
 
K2= (10^11) *   
-------  -------  -------  -------  -------  -------  -------  -------
 8.1054   0.4808  -8.0627   0.0962  -4.0527  -0.4808   4.01    -0.0962
 0.4808   2.4074  -0.0962  -2.2578  -0.4808  -1.2037   0.0962   1.0541
-8.0627  -0.0962   8.1054  -0.4808   4.01     0.0962  -4.0527   0.4808
 0.0962  -2.2578  -0.4808   2.4074  -0.0962   1.0541   0.4808  -1.2037
-4.0527  -0.4808   4.01    -0.0962   8.1054   0.4808  -8.0627   0.0962
-0.4808  -1.2037   0.0962   1.0541   0.4808   2.4074  -0.0962  -2.2578
 4.01     0.0962  -4.0527   0.4808  -8.0627  -0.0962   8.1054  -0.4808
-0.0962   1.0541   0.4808  -1.2037   0.0962  -2.2578  -0.4808   2.4074
-------  -------  -------  -------  -------  -------  -------  -------
 
K3= (10^11) *   
-------  -------  -------  -------  -------  -------
 1.7308   0.9615  -1.3462  -0.3846  -0.3846  -0.5769
 0.9615   1.7308  -0.5769  -0.3846  -0.3846  -1.3462
-1.3462  -0.5769   1.3462   0        0        0.5769
-0.3846  -0.3846   0        0.3846   0.3846   0
-0.3846  -0.3846   0        0.3846   0.3846   0
-0.5769  -1.3462   0.5769   0        0        1.3462
-------  -------  -------  -------  -------  -------
 
K_tt= (10^11) *   
-------  -------  -------  -------  -------  -------  -------  -------  -------  -------  -------  -------
 1.3462   0       -1.3462   0.5769   0        0        0        0        0        0        0       -0.5769
 0        0.3846   0.3846  -0.3846   0        0        0        0        0        0       -0.3846   0
-1.3462   0.3846   9.8362  -0.4807  -8.0627   0.0962   0        0       -4.0527  -0.4808   3.6254   0.4807
 0.5769  -0.3846  -0.4807   4.1382  -0.0962  -2.2578   0        0       -0.4808  -1.2037   0.4808  -0.2921
 0        0       -8.0627  -0.0962   9.8362   0.4807  -1.3462  -0.3846   3.6254  -0.4807  -4.0527   0.4808
 0        0        0.0962  -2.2578   0.4807   4.1382  -0.5769  -0.3846  -0.4808  -0.2921   0.4808  -1.2037
 0        0        0        0       -1.3462  -0.5769   1.3462   0        0        0.5769   0        0
 0        0        0        0       -0.3846  -0.3846   0        0.3846   0.3846   0        0        0
 0        0       -4.0527  -0.4808   3.6254  -0.4808   0        0.3846   8.49     0.4808  -8.0627   0.0962
 0        0       -0.4808  -1.2037  -0.4807  -0.2921   0.5769   0        0.4808   3.7536  -0.0962  -2.2578
 0       -0.3846   3.6254   0.4808  -4.0527   0.4808   0        0       -8.0627  -0.0962   8.49    -0.4808
-0.5769   0        0.4807  -0.2921   0.4808  -1.2037   0        0        0.0962  -2.2578  -0.4808   3.7536
-------  -------  -------  -------  -------  -------  -------  -------  -------  -------  -------  -------
 
Se= (10^10) *  
-------  --------  -------  --------  ------  -------  -------  -------
-1.4957   -5.7692   1.4957   -5.7692  1.4957   5.7692  -1.4957   5.7692
-0.641   -13.4615   0.641   -13.4615  0.641   13.4615  -0.641   13.4615
-3.8462   -0.4274  -3.8462    0.4274  3.8462   0.4274   3.8462  -0.4274
-------  --------  -------  --------  ------  -------  -------  -------
 

 
 
============================================ 
X=1 Y =10
 
K1= (10^11) *  

-------  -------  -------  -------  -------  -------
 1.3462   0       -1.3462   0.5769   0       -0.5769
 0        0.3846   0.3846  -0.3846  -0.3846   0
-1.3462   0.3846   1.7308  -0.9615  -0.3846   0.5769
 0.5769  -0.3846  -0.9615   1.7308   0.3846  -1.3462
 0       -0.3846  -0.3846   0.3846   0.3846   0
-0.5769   0        0.5769  -1.3462   0        1.3462
-------  -------  -------  -------  -------  -------
 
K2= (10^11) *   
-------  -------  -------  -------  -------  -------  -------  -------
 9        0.4808  -8.9615   0.0962  -4.5     -0.4808   4.4615  -0.0962
 0.4808   2.6538  -0.0962  -2.5192  -0.4808  -1.3269   0.0962   1.1923
-8.9615  -0.0962   9       -0.4808   4.4615   0.0962  -4.5      0.4808
 0.0962  -2.5192  -0.4808   2.6538  -0.0962   1.1923   0.4808  -1.3269
-4.5     -0.4808   4.4615  -0.0962   9        0.4808  -8.9615   0.0962
-0.4808  -1.3269   0.0962   1.1923   0.4808   2.6538  -0.0962  -2.5192
 4.4615   0.0962  -4.5      0.4808  -8.9615  -0.0962   9       -0.4808
-0.0962   1.1923   0.4808  -1.3269   0.0962  -2.5192  -0.4808   2.6538
-------  -------  -------  -------  -------  -------  -------  -------
 
K3= (10^11) *   
-------  -------  -------  -------  -------  -------
 1.7308   0.9615  -1.3462  -0.3846  -0.3846  -0.5769
 0.9615   1.7308  -0.5769  -0.3846  -0.3846  -1.3462
-1.3462  -0.5769   1.3462   0        0        0.5769
-0.3846  -0.3846   0        0.3846   0.3846   0
-0.3846  -0.3846   0        0.3846   0.3846   0
-0.5769  -1.3462   0.5769   0        0        1.3462
-------  -------  -------  -------  -------  -------
 
K_tt= (10^11) *   
-------  -------  -------  -------  -------  -------  -------  -------  -------  -------  -------  -------
 1.3462   0       -1.3462   0.5769   0        0        0        0        0        0        0       -0.5769
 0        0.3846   0.3846  -0.3846   0        0        0        0        0        0       -0.3846   0
-1.3462   0.3846  10.7308  -0.4807  -8.9615   0.0962   0        0       -4.5     -0.4808   4.0769   0.4807
 0.5769  -0.3846  -0.4807   4.3846  -0.0962  -2.5192   0        0       -0.4808  -1.3269   0.4808  -0.1539
 0        0       -8.9615  -0.0962  10.7308   0.4807  -1.3462  -0.3846   4.0769  -0.4807  -4.5      0.4808
 0        0        0.0962  -2.5192   0.4807   4.3846  -0.5769  -0.3846  -0.4808  -0.1539   0.4808  -1.3269
 0        0        0        0       -1.3462  -0.5769   1.3462   0        0        0.5769   0        0
 0        0        0        0       -0.3846  -0.3846   0        0.3846   0.3846   0        0        0
 0        0       -4.5     -0.4808   4.0769  -0.4808   0        0.3846   9.3846   0.4808  -8.9615   0.0962
 0        0       -0.4808  -1.3269  -0.4807  -0.1539   0.5769   0        0.4808   4       -0.0962  -2.5192
 0       -0.3846   4.0769   0.4808  -4.5      0.4808   0        0       -8.9615  -0.0962   9.3846  -0.4808
-0.5769   0        0.4807  -0.1539   0.4808  -1.3269   0        0        0.0962  -2.5192  -0.4808   4
-------  -------  -------  -------  -------  -------  -------  -------  -------  -------  -------  -------
 
Se= (10^10) *  
-------  --------  -------  --------  ------  -------  -------  -------
-1.3462   -5.7692   1.3462   -5.7692  1.3462   5.7692  -1.3462   5.7692
-0.5769  -13.4615   0.5769  -13.4615  0.5769  13.4615  -0.5769  13.4615
-3.8462   -0.3846  -3.8462    0.3846  3.8462   0.3846   3.8462  -0.3846
-------  --------  -------  --------  ------  -------  -------  -------
 

 
 
============================================ 
X=2 Y =1
 
K1= (10^11) *  

-------  -------  -------  -------  -------  -------
 1.3462   0       -1.3462   0.5769   0       -0.5769
 0        0.3846   0.3846  -0.3846  -0.3846   0
-1.3462   0.3846   1.7308  -0.9615  -0.3846   0.5769
 0.5769  -0.3846  -0.9615   1.7308   0.3846  -1.3462
 0       -0.3846  -0.3846   0.3846   0.3846   0
-0.5769   0        0.5769  -1.3462   0        1.3462
-------  -------  -------  -------  -------  -------
 
K2= (10^11) *   
-------  -------  -------  -------  -------  -------  -------  -------
 0.9615   0.4808  -0.1923   0.0962  -0.4808  -0.4808  -0.2885  -0.0962
 0.4808   1.9231  -0.0962   0.7692  -0.4808  -0.9615   0.0962  -1.7308
-0.1923  -0.0962   0.9615  -0.4808  -0.2885   0.0962  -0.4808   0.4808
 0.0962   0.7692  -0.4808   1.9231  -0.0962  -1.7308   0.4808  -0.9615
-0.4808  -0.4808  -0.2885  -0.0962   0.9615   0.4808  -0.1923   0.0962
-0.4808  -0.9615   0.0962  -1.7308   0.4808   1.9231  -0.0962   0.7692
-0.2885   0.0962  -0.4808   0.4808  -0.1923  -0.0962   0.9615  -0.4808
-0.0962  -1.7308   0.4808  -0.9615   0.0962   0.7692  -0.4808   1.9231
-------  -------  -------  -------  -------  -------  -------  -------
 
K3= (10^11) *   
-------  -------  -------  -------  -------  -------
 1.7308   0.9615  -1.3462  -0.3846  -0.3846  -0.5769
 0.9615   1.7308  -0.5769  -0.3846  -0.3846  -1.3462
-1.3462  -0.5769   1.3462   0        0        0.5769
-0.3846  -0.3846   0        0.3846   0.3846   0
-0.3846  -0.3846   0        0.3846   0.3846   0
-0.5769  -1.3462   0.5769   0        0        1.3462
-------  -------  -------  -------  -------  -------
 
K_tt= (10^11) *   
-------  -------  -------  -------  -------  -------  -------  -------  -------  -------  -------  -------
 1.3462   0       -1.3462   0.5769   0        0        0        0        0        0        0       -0.5769
 0        0.3846   0.3846  -0.3846   0        0        0        0        0        0       -0.3846   0
-1.3462   0.3846   2.6923  -0.4807  -0.1923   0.0962   0        0       -0.4808  -0.4808  -0.6731   0.4807
 0.5769  -0.3846  -0.4807   3.6539  -0.0962   0.7692   0        0       -0.4808  -0.9615   0.4808  -3.077
 0        0       -0.1923  -0.0962   2.6923   0.4807  -1.3462  -0.3846  -0.6731  -0.4807  -0.4808   0.4808
 0        0        0.0962   0.7692   0.4807   3.6539  -0.5769  -0.3846  -0.4808  -3.077    0.4808  -0.9615
 0        0        0        0       -1.3462  -0.5769   1.3462   0        0        0.5769   0        0
 0        0        0        0       -0.3846  -0.3846   0        0.3846   0.3846   0        0        0
 0        0       -0.4808  -0.4808  -0.6731  -0.4808   0        0.3846   1.3461   0.4808  -0.1923   0.0962
 0        0       -0.4808  -0.9615  -0.4807  -3.077    0.5769   0        0.4808   3.2693  -0.0962   0.7692
 0       -0.3846  -0.6731   0.4808  -0.4808   0.4808   0        0       -0.1923  -0.0962   1.3461  -0.4808
-0.5769   0        0.4807  -3.077    0.4808  -0.9615   0        0        0.0962   0.7692  -0.4808   3.2693
-------  -------  -------  -------  -------  -------  -------  -------  -------  -------  -------  -------
 
Se= (10^10) *  
--------  -------  -------  -------  -------  ------  --------  -------
-13.4615  -2.8846  13.4615  -2.8846  13.4615  2.8846  -13.4615   2.8846
 -5.7692  -6.7308   5.7692  -6.7308   5.7692  6.7308   -5.7692   6.7308
 -1.9231  -3.8462  -1.9231   3.8462   1.9231  3.8462    1.9231  -3.8462
--------  -------  -------  -------  -------  ------  --------  -------
 

 
 
============================================ 
X=2 Y =2
 
K1= (10^11) *  

-------  -------  -------  -------  -------  -------
 1.3462   0       -1.3462   0.5769   0       -0.5769
 0        0.3846   0.3846  -0.3846  -0.3846   0
-1.3462   0.3846   1.7308  -0.9615  -0.3846   0.5769
 0.5769  -0.3846  -0.9615   1.7308   0.3846  -1.3462
 0       -0.3846  -0.3846   0.3846   0.3846   0
-0.5769   0        0.5769  -1.3462   0        1.3462
-------  -------  -------  -------  -------  -------
 
K2= (10^11) *   
-------  -------  -------  -------  -------  -------  -------  -------
 1.1538   0.4808  -0.7692   0.0962  -0.5769  -0.4808   0.1923  -0.0962
 0.4808   1.1538  -0.0962   0.1923  -0.4808  -0.5769   0.0962  -0.7692
-0.7692  -0.0962   1.1538  -0.4808   0.1923   0.0962  -0.5769   0.4808
 0.0962   0.1923  -0.4808   1.1538  -0.0962  -0.7692   0.4808  -0.5769
-0.5769  -0.4808   0.1923  -0.0962   1.1538   0.4808  -0.7692   0.0962
-0.4808  -0.5769   0.0962  -0.7692   0.4808   1.1538  -0.0962   0.1923
 0.1923   0.0962  -0.5769   0.4808  -0.7692  -0.0962   1.1538  -0.4808
